10										
Pop.a_____	0	0	0	0	0	0	0	0	0	0
Pop.b_____	0.247	0	0	0	0	0	0	0	0	0
Pop.c_____	0.4368	0.3788	0	0	0	0	0	0	0	0
Pop.d_____	0.4891	0.3704	0.2129	0	0	0	0	0	0	0
Pop.e_____	0.6369	0.5317	0.3565	0.3419	0	0	0	0	0	0
Pop.f_____	0.5268	0.4708	0.5522	0.5459	0.6359	0	0	0	0	0
Pop.g_____	0.4496	0.4755	0.4833	0.4928	0.6519	0.4015	0	0	0	0
Pop.h_____	0.4461	0.4141	0.4699	0.4595	0.5767	0.3136	0.3058	0	0	0
Pop.i_____	0.4352	0.3665	0.4623	0.4538	0.5648	0.2328	0.2569	0.1598	0	0
Pop.j_____	0.4354	0.4083	0.4537	0.445	0.5532	0.2767	0.2633	0.1954	0.1577	0
										
										
10										
Pop.a_____	0	0	0	0	0	0	0	0	0	0
Pop.b_____	0.1804	0	0	0	0	0	0	0	0	0
Pop.c_____	0.4049	0.3402	0	0	0	0	0	0	0	0
Pop.d_____	0.4221	0.3244	0.205	0	0	0	0	0	0	0
Pop.e_____	0.505	0.3983	0.2644	0.2904	0	0	0	0	0	0
Pop.f_____	0.3153	0.3015	0.4432	0.4369	0.4978	0	0	0	0	0
Pop.g_____	0.3364	0.379	0.4206	0.4114	0.5611	0.3754	0	0	0	0
Pop.h_____	0.3141	0.3005	0.3896	0.3679	0.4339	0.2414	0.2641	0	0	0
Pop.i_____	0.3027	0.2747	0.4124	0.3822	0.4678	0.2059	0.2657	0.1651	0	0
Pop.j_____	0.3933	0.4048	0.43	0.4291	0.5036	0.3286	0.3007	0.2093	0.2427	0
										
										
10										
Pop.a_____	0	0	0	0	0	0	0	0	0	0
Pop.b_____	0.1679	0	0	0	0	0	0	0	0	0
Pop.c_____	0.4046	0.3429	0	0	0	0	0	0	0	0
Pop.d_____	0.4961	0.4032	0.1521	0	0	0	0	0	0	0
Pop.e_____	0.6481	0.5291	0.4071	0.379	0	0	0	0	0	0
Pop.f_____	0.4222	0.3373	0.3889	0.4162	0.4878	0	0	0	0	0
Pop.g_____	0.4341	0.4459	0.401	0.4459	0.6625	0.3982	0	0	0	0
Pop.h_____	0.3584	0.3207	0.3586	0.3955	0.5213	0.2119	0.3284	0	0	0
Pop.i_____	0.3347	0.3105	0.3615	0.3978	0.5155	0.2085	0.2821	0.1754	0	0
Pop.j_____	0.3992	0.4052	0.4059	0.418	0.5483	0.3092	0.3982	0.2071	0.2242	0
										
										
10										
Pop.a_____	0	0	0	0	0	0	0	0	0	0
Pop.b_____	0.2308	0	0	0	0	0	0	0	0	0
Pop.c_____	0.4869	0.3955	0	0	0	0	0	0	0	0
Pop.d_____	0.602	0.4567	0.2312	0	0	0	0	0	0	0
Pop.e_____	0.6704	0.5281	0.3721	0.3898	0	0	0	0	0	0
Pop.f_____	0.4438	0.3648	0.4223	0.4838	0.5242	0	0	0	0	0
Pop.g_____	0.3615	0.4025	0.3872	0.5006	0.6322	0.3288	0	0	0	0
Pop.h_____	0.3788	0.3228	0.3401	0.3932	0.4753	0.3092	0.3068	0	0	0
Pop.i_____	0.3261	0.2643	0.3332	0.4027	0.4779	0.2148	0.2281	0.1564	0	0
Pop.j_____	0.3849	0.3965	0.3853	0.4711	0.5629	0.3426	0.2501	0.2355	0.2223	0
										
										
10										
Pop.a_____	0	0	0	0	0	0	0	0	0	0
Pop.b_____	0.1339	0	0	0	0	0	0	0	0	0
Pop.c_____	0.3713	0.3131	0	0	0	0	0	0	0	0
Pop.d_____	0.3955	0.3376	0.2368	0	0	0	0	0	0	0
Pop.e_____	0.5014	0.4173	0.305	0.3417	0	0	0	0	0	0
Pop.f_____	0.2926	0.2231	0.3254	0.3317	0.351	0	0	0	0	0
Pop.g_____	0.3628	0.3527	0.3587	0.3493	0.5306	0.2993	0	0	0	0
Pop.h_____	0.3744	0.3288	0.3728	0.3665	0.4263	0.2029	0.291	0	0	0
Pop.i_____	0.3224	0.2577	0.3347	0.2971	0.3649	0.1487	0.2637	0.1652	0	0
Pop.j_____	0.4267	0.4119	0.4017	0.405	0.4882	0.2675	0.3048	0.203	0.1918	0
										
										
10										
Pop.a_____	0	0	0	0	0	0	0	0	0	0
Pop.b_____	0.2046	0	0	0	0	0	0	0	0	0
Pop.c_____	0.4901	0.3984	0	0	0	0	0	0	0	0
Pop.d_____	0.5476	0.4164	0.2468	0	0	0	0	0	0	0
Pop.e_____	0.5718	0.4137	0.3743	0.3395	0	0	0	0	0	0
Pop.f_____	0.3332	0.3308	0.4232	0.4538	0.4324	0	0	0	0	0
Pop.g_____	0.3852	0.372	0.3245	0.3839	0.4937	0.317	0	0	0	0
Pop.h_____	0.3615	0.329	0.3806	0.3853	0.4145	0.2265	0.2363	0	0	0
Pop.i_____	0.4037	0.3559	0.349	0.3851	0.4419	0.2628	0.2403	0.1798	0	0
Pop.j_____	0.429	0.4297	0.4568	0.4533	0.5122	0.3186	0.3001	0.196	0.2515	0
										
										
10										
Pop.a_____	0	0	0	0	0	0	0	0	0	0
Pop.b_____	0.1895	0	0	0	0	0	0	0	0	0
Pop.c_____	0.4281	0.3684	0	0	0	0	0	0	0	0
Pop.d_____	0.4879	0.4034	0.2037	0	0	0	0	0	0	0
Pop.e_____	0.6387	0.5113	0.3678	0.3043	0	0	0	0	0	0
Pop.f_____	0.4668	0.3648	0.4514	0.4438	0.5474	0	0	0	0	0
Pop.g_____	0.4911	0.4958	0.4736	0.5254	0.6863	0.3932	0	0	0	0
Pop.h_____	0.3428	0.3081	0.3611	0.3836	0.4948	0.2329	0.3099	0	0	0
Pop.i_____	0.3898	0.34	0.4068	0.4039	0.5103	0.2267	0.3621	0.1405	0	0
Pop.j_____	0.4755	0.4348	0.4435	0.452	0.584	0.3521	0.3995	0.2234	0.2611	0
										
										
10										
Pop.a_____	0	0	0	0	0	0	0	0	0	0
Pop.b_____	0.1806	0	0	0	0	0	0	0	0	0
Pop.c_____	0.4407	0.3052	0	0	0	0	0	0	0	0
Pop.d_____	0.5024	0.3489	0.2638	0	0	0	0	0	0	0
Pop.e_____	0.5717	0.3714	0.3062	0.322	0	0	0	0	0	0
Pop.f_____	0.3766	0.3469	0.406	0.4233	0.4704	0	0	0	0	0
Pop.g_____	0.5526	0.4972	0.5042	0.5053	0.6594	0.3294	0	0	0	0
Pop.h_____	0.4548	0.4053	0.4572	0.465	0.546	0.2846	0.3093	0	0	0
Pop.i_____	0.4605	0.3841	0.4326	0.4439	0.5365	0.2739	0.2789	0.1979	0	0
Pop.j_____	0.4794	0.4278	0.4517	0.4133	0.5225	0.2909	0.3398	0.179	0.1981	0
										
										
10										
Pop.a_____	0	0	0	0	0	0	0	0	0	0
Pop.b_____	0.2199	0	0	0	0	0	0	0	0	0
Pop.c_____	0.4293	0.33	0	0	0	0	0	0	0	0
Pop.d_____	0.4594	0.3225	0.2219	0	0	0	0	0	0	0
Pop.e_____	0.5612	0.4495	0.35	0.3827	0	0	0	0	0	0
Pop.f_____	0.3024	0.2807	0.3611	0.3713	0.4561	0	0	0	0	0
Pop.g_____	0.3771	0.411	0.43	0.4361	0.5548	0.3207	0	0	0	0
Pop.h_____	0.269	0.2345	0.3177	0.3043	0.4052	0.1815	0.2185	0	0	0
Pop.i_____	0.3298	0.2834	0.3768	0.3602	0.4153	0.2401	0.2771	0.1567	0	0
Pop.j_____	0.3624	0.3844	0.3974	0.4126	0.4786	0.3052	0.2751	0.1746	0.2161	0
										
										
10										
Pop.a_____	0	0	0	0	0	0	0	0	0	0
Pop.b_____	0.1544	0	0	0	0	0	0	0	0	0
Pop.c_____	0.3914	0.3411	0	0	0	0	0	0	0	0
Pop.d_____	0.4491	0.3445	0.1761	0	0	0	0	0	0	0
Pop.e_____	0.5551	0.4666	0.3227	0.3057	0	0	0	0	0	0
Pop.f_____	0.3127	0.2656	0.3612	0.385	0.41	0	0	0	0	0
Pop.g_____	0.3571	0.3674	0.3693	0.4241	0.5633	0.3189	0	0	0	0
Pop.h_____	0.3793	0.3525	0.4235	0.4395	0.4934	0.3044	0.336	0	0	0
Pop.i_____	0.292	0.2602	0.3564	0.3594	0.4198	0.2201	0.2986	0.2089	0	0
Pop.j_____	0.4601	0.4442	0.4716	0.4829	0.5474	0.3681	0.3598	0.2703	0.2832	0
										
										
10										
Pop.a_____	0	0	0	0	0	0	0	0	0	0
Pop.b_____	0.148	0	0	0	0	0	0	0	0	0
Pop.c_____	0.4509	0.4073	0	0	0	0	0	0	0	0
Pop.d_____	0.453	0.413	0.1944	0	0	0	0	0	0	0
Pop.e_____	0.4622	0.3615	0.3674	0.3265	0	0	0	0	0	0
Pop.f_____	0.3029	0.3137	0.4132	0.3872	0.4269	0	0	0	0	0
Pop.g_____	0.4542	0.4957	0.3684	0.3473	0.5588	0.2972	0	0	0	0
Pop.h_____	0.3771	0.4003	0.4235	0.4052	0.4729	0.3123	0.3392	0	0	0
Pop.i_____	0.2887	0.2789	0.3436	0.3298	0.402	0.1957	0.2471	0.2178	0	0
Pop.j_____	0.4346	0.4611	0.435	0.3996	0.5269	0.3272	0.2853	0.2427	0.279	0
										
										
10										
Pop.a_____	0	0	0	0	0	0	0	0	0	0
Pop.b_____	0.2252	0	0	0	0	0	0	0	0	0
Pop.c_____	0.4591	0.3626	0	0	0	0	0	0	0	0
Pop.d_____	0.4712	0.3204	0.1863	0	0	0	0	0	0	0
Pop.e_____	0.6152	0.4647	0.377	0.3248	0	0	0	0	0	0
Pop.f_____	0.3505	0.2889	0.3775	0.3668	0.4681	0	0	0	0	0
Pop.g_____	0.4046	0.4824	0.5068	0.5135	0.6644	0.3569	0	0	0	0
Pop.h_____	0.3214	0.3039	0.4138	0.3956	0.4978	0.2079	0.3041	0	0	0
Pop.i_____	0.3061	0.3258	0.4257	0.4294	0.5181	0.2741	0.2905	0.1692	0	0
Pop.j_____	0.3367	0.3686	0.4454	0.4371	0.5269	0.2706	0.3239	0.1935	0.1793	0
										
										
10										
Pop.a_____	0	0	0	0	0	0	0	0	0	0
Pop.b_____	0.1397	0	0	0	0	0	0	0	0	0
Pop.c_____	0.4182	0.3609	0	0	0	0	0	0	0	0
Pop.d_____	0.4438	0.3486	0.1911	0	0	0	0	0	0	0
Pop.e_____	0.5237	0.4515	0.3602	0.3543	0	0	0	0	0	0
Pop.f_____	0.4099	0.4165	0.4251	0.4467	0.4898	0	0	0	0	0
Pop.g_____	0.4848	0.4658	0.4124	0.4115	0.5286	0.3963	0	0	0	0
Pop.h_____	0.4132	0.3951	0.4055	0.37	0.4098	0.3262	0.2974	0	0	0
Pop.i_____	0.3896	0.3597	0.382	0.3518	0.3704	0.2894	0.2689	0.1503	0	0
Pop.j_____	0.4946	0.4816	0.4572	0.4457	0.5045	0.3903	0.2857	0.2091	0.2156	0
										
										
10										
Pop.a_____	0	0	0	0	0	0	0	0	0	0
Pop.b_____	0.2468	0	0	0	0	0	0	0	0	0
Pop.c_____	0.4958	0.3875	0	0	0	0	0	0	0	0
Pop.d_____	0.521	0.3944	0.2398	0	0	0	0	0	0	0
Pop.e_____	0.6015	0.4272	0.345	0.3421	0	0	0	0	0	0
Pop.f_____	0.3338	0.3174	0.3459	0.3714	0.4039	0	0	0	0	0
Pop.g_____	0.5544	0.5089	0.4663	0.4325	0.6302	0.3636	0	0	0	0
Pop.h_____	0.3576	0.3018	0.2987	0.2814	0.3806	0.2171	0.2661	0	0	0
Pop.i_____	0.4131	0.3318	0.3107	0.2905	0.3936	0.2624	0.3043	0.1437	0	0
Pop.j_____	0.4289	0.3892	0.3388	0.3276	0.4399	0.2914	0.3155	0.1883	0.1881	0
										
										
10										
Pop.a_____	0	0	0	0	0	0	0	0	0	0
Pop.b_____	0.2116	0	0	0	0	0	0	0	0	0
Pop.c_____	0.3935	0.3259	0	0	0	0	0	0	0	0
Pop.d_____	0.4453	0.3093	0.2259	0	0	0	0	0	0	0
Pop.e_____	0.6091	0.4725	0.3399	0.3289	0	0	0	0	0	0
Pop.f_____	0.329	0.2954	0.3607	0.3846	0.4511	0	0	0	0	0
Pop.g_____	0.4247	0.4667	0.5022	0.4954	0.691	0.3959	0	0	0	0
Pop.h_____	0.3451	0.3284	0.4001	0.4004	0.513	0.2556	0.3203	0	0	0
Pop.i_____	0.285	0.2587	0.3695	0.3729	0.5074	0.2318	0.2791	0.1698	0	0
Pop.j_____	0.3653	0.385	0.4303	0.4472	0.5538	0.3035	0.363	0.1955	0.225	0
										
										
10										
Pop.a_____	0	0	0	0	0	0	0	0	0	0
Pop.b_____	0.2343	0	0	0	0	0	0	0	0	0
Pop.c_____	0.4703	0.3608	0	0	0	0	0	0	0	0
Pop.d_____	0.5612	0.4265	0.2504	0	0	0	0	0	0	0
Pop.e_____	0.6488	0.4862	0.3548	0.3502	0	0	0	0	0	0
Pop.f_____	0.3761	0.3555	0.3995	0.4272	0.4679	0	0	0	0	0
Pop.g_____	0.4681	0.468	0.4856	0.4918	0.6691	0.3952	0	0	0	0
Pop.h_____	0.3712	0.337	0.3757	0.3686	0.4686	0.2246	0.2482	0	0	0
Pop.i_____	0.4281	0.383	0.3946	0.3855	0.5037	0.2447	0.2729	0.1719	0	0
Pop.j_____	0.4493	0.4541	0.4465	0.4393	0.5657	0.304	0.329	0.176	0.1905	0
										
										
10										
Pop.a_____	0	0	0	0	0	0	0	0	0	0
Pop.b_____	0.2215	0	0	0	0	0	0	0	0	0
Pop.c_____	0.4043	0.3061	0	0	0	0	0	0	0	0
Pop.d_____	0.3994	0.2379	0.1929	0	0	0	0	0	0	0
Pop.e_____	0.5766	0.4358	0.3861	0.3444	0	0	0	0	0	0
Pop.f_____	0.381	0.3019	0.4327	0.4125	0.5236	0	0	0	0	0
Pop.g_____	0.4078	0.4153	0.4121	0.4314	0.5782	0.335	0	0	0	0
Pop.h_____	0.359	0.3085	0.3662	0.3312	0.4294	0.3113	0.298	0	0	0
Pop.i_____	0.361	0.3025	0.3328	0.3226	0.4269	0.292	0.2327	0.1808	0	0
Pop.j_____	0.4135	0.3872	0.4434	0.4303	0.5105	0.3823	0.2997	0.1902	0.2424	0
										
										
10										
Pop.a_____	0	0	0	0	0	0	0	0	0	0
Pop.b_____	0.1831	0	0	0	0	0	0	0	0	0
Pop.c_____	0.5364	0.4525	0	0	0	0	0	0	0	0
Pop.d_____	0.5883	0.5017	0.2549	0	0	0	0	0	0	0
Pop.e_____	0.6868	0.5932	0.39	0.3399	0	0	0	0	0	0
Pop.f_____	0.4046	0.3752	0.3125	0.3253	0.3938	0	0	0	0	0
Pop.g_____	0.4819	0.4824	0.4697	0.5205	0.6605	0.3161	0	0	0	0
Pop.h_____	0.3674	0.3565	0.3567	0.3641	0.444	0.1846	0.2717	0	0	0
Pop.i_____	0.4467	0.4359	0.3604	0.3333	0.4276	0.2593	0.3707	0.2179	0	0
Pop.j_____	0.4645	0.471	0.4075	0.4024	0.491	0.2552	0.3479	0.1824	0.2211	0
										
										
10										
Pop.a_____	0	0	0	0	0	0	0	0	0	0
Pop.b_____	0.1886	0	0	0	0	0	0	0	0	0
Pop.c_____	0.4081	0.3467	0	0	0	0	0	0	0	0
Pop.d_____	0.5047	0.4247	0.1896	0	0	0	0	0	0	0
Pop.e_____	0.6168	0.5061	0.3533	0.3809	0	0	0	0	0	0
Pop.f_____	0.3818	0.3859	0.3918	0.4288	0.4877	0	0	0	0	0
Pop.g_____	0.3724	0.4679	0.4383	0.4899	0.6403	0.3155	0	0	0	0
Pop.h_____	0.3716	0.4026	0.3844	0.4207	0.5027	0.2821	0.3318	0	0	0
Pop.i_____	0.3104	0.3293	0.3677	0.3972	0.4659	0.2106	0.2521	0.2009	0	0
Pop.j_____	0.3317	0.3796	0.3215	0.3523	0.4473	0.2678	0.2666	0.2191	0.1826	0
										
										
10										
Pop.a_____	0	0	0	0	0	0	0	0	0	0
Pop.b_____	0.1895	0	0	0	0	0	0	0	0	0
Pop.c_____	0.4498	0.4115	0	0	0	0	0	0	0	0
Pop.d_____	0.4304	0.3551	0.2434	0	0	0	0	0	0	0
Pop.e_____	0.5128	0.434	0.394	0.3522	0	0	0	0	0	0
Pop.f_____	0.3878	0.3698	0.4862	0.451	0.4891	0	0	0	0	0
Pop.g_____	0.4739	0.5038	0.4636	0.455	0.5901	0.3178	0	0	0	0
Pop.h_____	0.3142	0.3096	0.4028	0.3609	0.4528	0.2104	0.2599	0	0	0
Pop.i_____	0.371	0.3301	0.4141	0.3652	0.4473	0.2302	0.3379	0.1716	0	0
Pop.j_____	0.4034	0.4196	0.4718	0.4325	0.5323	0.3129	0.3441	0.1721	0.2095	0
										
										
10										
Pop.a_____	0	0	0	0	0	0	0	0	0	0
Pop.b_____	0.2	0	0	0	0	0	0	0	0	0
Pop.c_____	0.4593	0.4058	0	0	0	0	0	0	0	0
Pop.d_____	0.5806	0.5048	0.2303	0	0	0	0	0	0	0
Pop.e_____	0.6364	0.5494	0.3439	0.4209	0	0	0	0	0	0
Pop.f_____	0.428	0.3823	0.426	0.4681	0.5069	0	0	0	0	0
Pop.g_____	0.371	0.4465	0.4506	0.5226	0.6157	0.3296	0	0	0	0
Pop.h_____	0.4059	0.3872	0.3935	0.4372	0.4924	0.2604	0.2967	0	0	0
Pop.i_____	0.3981	0.3864	0.3925	0.4072	0.4404	0.1919	0.2898	0.1585	0	0
Pop.j_____	0.4216	0.4412	0.4055	0.4371	0.5023	0.2931	0.2719	0.2132	0.171	0
										
										
10										
Pop.a_____	0	0	0	0	0	0	0	0	0	0
Pop.b_____	0.2126	0	0	0	0	0	0	0	0	0
Pop.c_____	0.4084	0.2727	0	0	0	0	0	0	0	0
Pop.d_____	0.5031	0.3426	0.1519	0	0	0	0	0	0	0
Pop.e_____	0.6014	0.444	0.277	0.2795	0	0	0	0	0	0
Pop.f_____	0.3572	0.3569	0.369	0.396	0.4774	0	0	0	0	0
Pop.g_____	0.4347	0.4731	0.4712	0.4998	0.6197	0.3302	0	0	0	0
Pop.h_____	0.3573	0.3496	0.3728	0.3928	0.4686	0.2151	0.2537	0	0	0
Pop.i_____	0.3559	0.3493	0.3697	0.3648	0.457	0.2056	0.2703	0.1614	0	0
Pop.j_____	0.4288	0.4529	0.4447	0.468	0.5318	0.3163	0.3282	0.1913	0.2111	0
										
										
10										
Pop.a_____	0	0	0	0	0	0	0	0	0	0
Pop.b_____	0.1112	0	0	0	0	0	0	0	0	0
Pop.c_____	0.3881	0.3716	0	0	0	0	0	0	0	0
Pop.d_____	0.5039	0.4719	0.2555	0	0	0	0	0	0	0
Pop.e_____	0.523	0.4514	0.3219	0.389	0	0	0	0	0	0
Pop.f_____	0.419	0.3875	0.4448	0.4825	0.4631	0	0	0	0	0
Pop.g_____	0.4779	0.4633	0.424	0.4711	0.6085	0.3926	0	0	0	0
Pop.h_____	0.305	0.2771	0.2965	0.3245	0.3638	0.2818	0.2944	0	0	0
Pop.i_____	0.369	0.3199	0.3243	0.297	0.3187	0.1983	0.3381	0.1577	0	0
Pop.j_____	0.3754	0.3756	0.3035	0.3178	0.4094	0.3202	0.3159	0.1635	0.1516	0
										
										
10										
Pop.a_____	0	0	0	0	0	0	0	0	0	0
Pop.b_____	0.2255	0	0	0	0	0	0	0	0	0
Pop.c_____	0.4102	0.3457	0	0	0	0	0	0	0	0
Pop.d_____	0.4758	0.4125	0.1785	0	0	0	0	0	0	0
Pop.e_____	0.5721	0.4731	0.3859	0.3901	0	0	0	0	0	0
Pop.f_____	0.3442	0.3717	0.427	0.4454	0.5085	0	0	0	0	0
Pop.g_____	0.4041	0.4943	0.4145	0.4381	0.5964	0.3144	0	0	0	0
Pop.h_____	0.2816	0.3242	0.3457	0.3451	0.4389	0.1971	0.2261	0	0	0
Pop.i_____	0.3486	0.3658	0.3725	0.3732	0.4401	0.2425	0.2954	0.1688	0	0
Pop.j_____	0.3573	0.4134	0.3879	0.3877	0.4985	0.2727	0.2789	0.1877	0.1743	0
										
										
10										
Pop.a_____	0	0	0	0	0	0	0	0	0	0
Pop.b_____	0.1918	0	0	0	0	0	0	0	0	0
Pop.c_____	0.4573	0.3909	0	0	0	0	0	0	0	0
Pop.d_____	0.4729	0.373	0.2235	0	0	0	0	0	0	0
Pop.e_____	0.5488	0.4616	0.3699	0.3647	0	0	0	0	0	0
Pop.f_____	0.4243	0.3888	0.4372	0.4239	0.4491	0	0	0	0	0
Pop.g_____	0.5064	0.4567	0.4257	0.3561	0.5374	0.4444	0	0	0	0
Pop.h_____	0.4109	0.3695	0.3835	0.3496	0.4043	0.2885	0.2749	0	0	0
Pop.i_____	0.4451	0.3902	0.378	0.3424	0.4178	0.3131	0.271	0.1882	0	0
Pop.j_____	0.4864	0.4522	0.431	0.391	0.443	0.3621	0.3162	0.1781	0.2241	0
										
										
10										
Pop.a_____	0	0	0	0	0	0	0	0	0	0
Pop.b_____	0.1958	0	0	0	0	0	0	0	0	0
Pop.c_____	0.4426	0.4033	0	0	0	0	0	0	0	0
Pop.d_____	0.4894	0.4364	0.1846	0	0	0	0	0	0	0
Pop.e_____	0.6452	0.5751	0.4051	0.3472	0	0	0	0	0	0
Pop.f_____	0.4014	0.3945	0.4225	0.432	0.5567	0	0	0	0	0
Pop.g_____	0.4842	0.5142	0.4615	0.4906	0.6991	0.3384	0	0	0	0
Pop.h_____	0.332	0.3472	0.3603	0.3609	0.5104	0.2163	0.275	0	0	0
Pop.i_____	0.3996	0.3654	0.3728	0.3591	0.492	0.2257	0.3598	0.1604	0	0
Pop.j_____	0.4034	0.431	0.4157	0.4176	0.573	0.2712	0.3621	0.1691	0.1999	0
										
										
10										
Pop.a_____	0	0	0	0	0	0	0	0	0	0
Pop.b_____	0.1832	0	0	0	0	0	0	0	0	0
Pop.c_____	0.4295	0.322	0	0	0	0	0	0	0	0
Pop.d_____	0.4783	0.3337	0.1575	0	0	0	0	0	0	0
Pop.e_____	0.6076	0.4447	0.4107	0.3476	0	0	0	0	0	0
Pop.f_____	0.3797	0.3052	0.4303	0.4184	0.4883	0	0	0	0	0
Pop.g_____	0.4394	0.4298	0.4099	0.4438	0.6206	0.2912	0	0	0	0
Pop.h_____	0.3662	0.3308	0.4093	0.4139	0.499	0.2535	0.308	0	0	0
Pop.i_____	0.3543	0.3025	0.3628	0.3834	0.4759	0.2236	0.2257	0.1616	0	0
Pop.j_____	0.3947	0.3832	0.46	0.4572	0.5497	0.3015	0.3418	0.2053	0.2174	0
										
										
10										
Pop.a_____	0	0	0	0	0	0	0	0	0	0
Pop.b_____	0.1828	0	0	0	0	0	0	0	0	0
Pop.c_____	0.4396	0.3386	0	0	0	0	0	0	0	0
Pop.d_____	0.4881	0.3697	0.2012	0	0	0	0	0	0	0
Pop.e_____	0.5544	0.4166	0.4057	0.3789	0	0	0	0	0	0
Pop.f_____	0.3992	0.3609	0.4854	0.5034	0.5445	0	0	0	0	0
Pop.g_____	0.4293	0.412	0.4039	0.4224	0.5528	0.3833	0	0	0	0
Pop.h_____	0.3368	0.3175	0.3923	0.397	0.4511	0.2935	0.2256	0	0	0
Pop.i_____	0.3975	0.3522	0.4046	0.4301	0.4734	0.2892	0.249	0.191	0	0
Pop.j_____	0.459	0.4451	0.5108	0.5093	0.5701	0.3827	0.308	0.1869	0.2505	0
										
										
10										
Pop.a_____	0	0	0	0	0	0	0	0	0	0
Pop.b_____	0.1713	0	0	0	0	0	0	0	0	0
Pop.c_____	0.462	0.4114	0	0	0	0	0	0	0	0
Pop.d_____	0.4589	0.4009	0.2272	0	0	0	0	0	0	0
Pop.e_____	0.5818	0.5046	0.3769	0.3574	0	0	0	0	0	0
Pop.f_____	0.387	0.3795	0.4956	0.4399	0.54	0	0	0	0	0
Pop.g_____	0.4317	0.4418	0.4574	0.403	0.6124	0.4249	0	0	0	0
Pop.h_____	0.3128	0.3061	0.3644	0.2964	0.4528	0.2067	0.2391	0	0	0
Pop.i_____	0.3939	0.376	0.4148	0.3385	0.4836	0.2607	0.3071	0.1674	0	0
Pop.j_____	0.3729	0.3938	0.4027	0.3274	0.4921	0.3022	0.3261	0.1503	0.1758	0
										
										
10										
Pop.a_____	0	0	0	0	0	0	0	0	0	0
Pop.b_____	0.2095	0	0	0	0	0	0	0	0	0
Pop.c_____	0.4956	0.3443	0	0	0	0	0	0	0	0
Pop.d_____	0.5526	0.3733	0.2267	0	0	0	0	0	0	0
Pop.e_____	0.644	0.4634	0.3761	0.3221	0	0	0	0	0	0
Pop.f_____	0.3916	0.3139	0.4144	0.4179	0.467	0	0	0	0	0
Pop.g_____	0.458	0.4167	0.4793	0.4992	0.6291	0.3519	0	0	0	0
Pop.h_____	0.3952	0.3394	0.4113	0.4128	0.4823	0.2199	0.2991	0	0	0
Pop.i_____	0.4023	0.3292	0.3915	0.3937	0.4752	0.216	0.2727	0.1226	0	0
Pop.j_____	0.4403	0.4052	0.4563	0.4573	0.5407	0.2946	0.3372	0.2076	0.2269	0
										
										
10										
Pop.a_____	0	0	0	0	0	0	0	0	0	0
Pop.b_____	0.2066	0	0	0	0	0	0	0	0	0
Pop.c_____	0.3456	0.31	0	0	0	0	0	0	0	0
Pop.d_____	0.4577	0.3714	0.1915	0	0	0	0	0	0	0
Pop.e_____	0.559	0.4301	0.3336	0.3557	0	0	0	0	0	0
Pop.f_____	0.3351	0.2834	0.3381	0.3938	0.4435	0	0	0	0	0
Pop.g_____	0.4365	0.4942	0.4114	0.4723	0.667	0.4216	0	0	0	0
Pop.h_____	0.3119	0.2972	0.3309	0.3675	0.4645	0.2382	0.3164	0	0	0
Pop.i_____	0.3186	0.2767	0.3568	0.3706	0.4589	0.2305	0.3398	0.1981	0	0
Pop.j_____	0.3694	0.3805	0.3734	0.4062	0.5	0.298	0.3412	0.1816	0.2123	0
										
										
10										
Pop.a_____	0	0	0	0	0	0	0	0	0	0
Pop.b_____	0.1969	0	0	0	0	0	0	0	0	0
Pop.c_____	0.451	0.4246	0	0	0	0	0	0	0	0
Pop.d_____	0.4985	0.4486	0.2118	0	0	0	0	0	0	0
Pop.e_____	0.5878	0.5099	0.3576	0.3394	0	0	0	0	0	0
Pop.f_____	0.3779	0.3358	0.3499	0.3565	0.3691	0	0	0	0	0
Pop.g_____	0.3699	0.4383	0.3262	0.3652	0.5394	0.3318	0	0	0	0
Pop.h_____	0.4029	0.3941	0.3459	0.3504	0.4236	0.231	0.2844	0	0	0
Pop.i_____	0.3828	0.3597	0.3165	0.3319	0.4207	0.2125	0.2533	0.1593	0	0
Pop.j_____	0.453	0.45	0.4055	0.4065	0.4914	0.3027	0.2716	0.2289	0.2399	0
										
										
10										
Pop.a_____	0	0	0	0	0	0	0	0	0	0
Pop.b_____	0.2247	0	0	0	0	0	0	0	0	0
Pop.c_____	0.4649	0.3818	0	0	0	0	0	0	0	0
Pop.d_____	0.5244	0.4072	0.1993	0	0	0	0	0	0	0
Pop.e_____	0.6251	0.4759	0.3819	0.3675	0	0	0	0	0	0
Pop.f_____	0.4075	0.3555	0.3916	0.423	0.4571	0	0	0	0	0
Pop.g_____	0.4211	0.4486	0.3792	0.4292	0.6038	0.3639	0	0	0	0
Pop.h_____	0.3731	0.3308	0.3364	0.3461	0.4302	0.2499	0.2709	0	0	0
Pop.i_____	0.4054	0.3542	0.3563	0.3887	0.4629	0.251	0.2611	0.1547	0	0
Pop.j_____	0.4397	0.4208	0.4139	0.4342	0.536	0.3223	0.2668	0.1825	0.2248	0
										
										
10										
Pop.a_____	0	0	0	0	0	0	0	0	0	0
Pop.b_____	0.2229	0	0	0	0	0	0	0	0	0
Pop.c_____	0.5032	0.4454	0	0	0	0	0	0	0	0
Pop.d_____	0.5286	0.44	0.136	0	0	0	0	0	0	0
Pop.e_____	0.6139	0.5217	0.3596	0.3371	0	0	0	0	0	0
Pop.f_____	0.4849	0.4602	0.3841	0.3909	0.429	0	0	0	0	0
Pop.g_____	0.4982	0.5202	0.4189	0.4147	0.5896	0.3759	0	0	0	0
Pop.h_____	0.4094	0.383	0.3124	0.2762	0.3596	0.2227	0.2994	0	0	0
Pop.i_____	0.4251	0.4052	0.3382	0.302	0.3974	0.2455	0.2753	0.1344	0	0
Pop.j_____	0.5095	0.5074	0.3976	0.383	0.4904	0.306	0.3332	0.1878	0.2122	0
										
										
10										
Pop.a_____	0	0	0	0	0	0	0	0	0	0
Pop.b_____	0.1794	0	0	0	0	0	0	0	0	0
Pop.c_____	0.4548	0.402	0	0	0	0	0	0	0	0
Pop.d_____	0.5401	0.4432	0.2165	0	0	0	0	0	0	0
Pop.e_____	0.63	0.5238	0.3832	0.3582	0	0	0	0	0	0
Pop.f_____	0.4695	0.4228	0.4477	0.4613	0.4971	0	0	0	0	0
Pop.g_____	0.4825	0.4928	0.461	0.5087	0.6433	0.3839	0	0	0	0
Pop.h_____	0.3574	0.3206	0.3521	0.3732	0.4525	0.2826	0.3067	0	0	0
Pop.i_____	0.4142	0.3935	0.3889	0.3802	0.4499	0.2639	0.3483	0.2063	0	0
Pop.j_____	0.4058	0.4138	0.376	0.398	0.4799	0.3544	0.3142	0.187	0.2051	0
										
										
10										
Pop.a_____	0	0	0	0	0	0	0	0	0	0
Pop.b_____	0.1617	0	0	0	0	0	0	0	0	0
Pop.c_____	0.3925	0.4277	0	0	0	0	0	0	0	0
Pop.d_____	0.4079	0.4117	0.2436	0	0	0	0	0	0	0
Pop.e_____	0.3994	0.3664	0.3647	0.3817	0	0	0	0	0	0
Pop.f_____	0.4417	0.4214	0.5217	0.5278	0.4951	0	0	0	0	0
Pop.g_____	0.4579	0.5113	0.4337	0.4358	0.5569	0.3539	0	0	0	0
Pop.h_____	0.3205	0.339	0.3955	0.372	0.3922	0.2504	0.2541	0	0	0
Pop.i_____	0.3243	0.3102	0.3999	0.398	0.409	0.209	0.2749	0.1066	0	0
Pop.j_____	0.3852	0.4181	0.452	0.4336	0.4874	0.2964	0.2814	0.1493	0.1714	0
										
										
10										
Pop.a_____	0	0	0	0	0	0	0	0	0	0
Pop.b_____	0.2181	0	0	0	0	0	0	0	0	0
Pop.c_____	0.4858	0.3765	0	0	0	0	0	0	0	0
Pop.d_____	0.5799	0.4275	0.2101	0	0	0	0	0	0	0
Pop.e_____	0.6754	0.5237	0.4354	0.3483	0	0	0	0	0	0
Pop.f_____	0.3947	0.2989	0.3776	0.4074	0.4512	0	0	0	0	0
Pop.g_____	0.4569	0.438	0.4433	0.5302	0.6613	0.3353	0	0	0	0
Pop.h_____	0.3402	0.2749	0.3417	0.3895	0.4765	0.2441	0.3077	0	0	0
Pop.i_____	0.3675	0.2915	0.3311	0.3958	0.4848	0.2484	0.2961	0.1255	0	0
Pop.j_____	0.4069	0.3549	0.3653	0.3699	0.4836	0.2791	0.3425	0.2431	0.2531	0
										
										
10										
Pop.a_____	0	0	0	0	0	0	0	0	0	0
Pop.b_____	0.2055	0	0	0	0	0	0	0	0	0
Pop.c_____	0.4543	0.3422	0	0	0	0	0	0	0	0
Pop.d_____	0.5812	0.4256	0.2445	0	0	0	0	0	0	0
Pop.e_____	0.6792	0.5371	0.4103	0.3737	0	0	0	0	0	0
Pop.f_____	0.4098	0.3335	0.4019	0.4486	0.5045	0	0	0	0	0
Pop.g_____	0.4184	0.4027	0.4399	0.5175	0.6259	0.3525	0	0	0	0
Pop.h_____	0.3475	0.2978	0.373	0.434	0.498	0.2384	0.2849	0	0	0
Pop.i_____	0.4199	0.3669	0.4058	0.4473	0.4984	0.2595	0.2978	0.185	0	0
Pop.j_____	0.3914	0.3718	0.3863	0.4305	0.4781	0.2708	0.3228	0.1906	0.1849	0
										
										
10										
Pop.a_____	0	0	0	0	0	0	0	0	0	0
Pop.b_____	0.2145	0	0	0	0	0	0	0	0	0
Pop.c_____	0.4695	0.3438	0	0	0	0	0	0	0	0
Pop.d_____	0.5135	0.3711	0.1872	0	0	0	0	0	0	0
Pop.e_____	0.6431	0.4593	0.3139	0.2461	0	0	0	0	0	0
Pop.f_____	0.3552	0.2575	0.35	0.348	0.4047	0	0	0	0	0
Pop.g_____	0.4557	0.4251	0.4654	0.5017	0.6411	0.3609	0	0	0	0
Pop.h_____	0.4125	0.3372	0.4169	0.4134	0.5011	0.2797	0.3204	0	0	0
Pop.i_____	0.4046	0.33	0.3837	0.3591	0.473	0.2495	0.2964	0.183	0	0
Pop.j_____	0.4764	0.4354	0.4733	0.4495	0.5623	0.3372	0.3784	0.2223	0.2123	0
										
										
10										
Pop.a_____	0	0	0	0	0	0	0	0	0	0
Pop.b_____	0.1879	0	0	0	0	0	0	0	0	0
Pop.c_____	0.4205	0.3556	0	0	0	0	0	0	0	0
Pop.d_____	0.5713	0.4674	0.2131	0	0	0	0	0	0	0
Pop.e_____	0.5866	0.4992	0.3141	0.3665	0	0	0	0	0	0
Pop.f_____	0.4778	0.4595	0.4306	0.4992	0.502	0	0	0	0	0
Pop.g_____	0.4608	0.4586	0.4069	0.4867	0.5436	0.3818	0	0	0	0
Pop.h_____	0.4792	0.4442	0.4236	0.4617	0.4798	0.3108	0.3062	0	0	0
Pop.i_____	0.4816	0.4298	0.3982	0.4142	0.4206	0.2565	0.3025	0.2068	0	0
Pop.j_____	0.4901	0.4822	0.432	0.4595	0.483	0.3351	0.2654	0.192	0.1821	0
										
										
10										
Pop.a_____	0	0	0	0	0	0	0	0	0	0
Pop.b_____	0.1926	0	0	0	0	0	0	0	0	0
Pop.c_____	0.4356	0.4401	0	0	0	0	0	0	0	0
Pop.d_____	0.4891	0.4828	0.2138	0	0	0	0	0	0	0
Pop.e_____	0.5266	0.461	0.3829	0.3938	0	0	0	0	0	0
Pop.f_____	0.2974	0.2741	0.3816	0.4155	0.3663	0	0	0	0	0
Pop.g_____	0.3838	0.4718	0.3724	0.3751	0.566	0.3851	0	0	0	0
Pop.h_____	0.3221	0.3488	0.3621	0.3673	0.4103	0.2381	0.2881	0	0	0
Pop.i_____	0.3012	0.3001	0.3385	0.358	0.3759	0.1847	0.2802	0.1521	0	0
Pop.j_____	0.42	0.446	0.4117	0.4025	0.4804	0.3044	0.3125	0.2112	0.2435	0
										
										
10										
Pop.a_____	0	0	0	0	0	0	0	0	0	0
Pop.b_____	0.1713	0	0	0	0	0	0	0	0	0
Pop.c_____	0.4988	0.3899	0	0	0	0	0	0	0	0
Pop.d_____	0.5046	0.3591	0.2259	0	0	0	0	0	0	0
Pop.e_____	0.5558	0.4031	0.3763	0.3056	0	0	0	0	0	0
Pop.f_____	0.4135	0.3425	0.5064	0.46	0.5161	0	0	0	0	0
Pop.g_____	0.4336	0.4264	0.4894	0.4656	0.5782	0.3385	0	0	0	0
Pop.h_____	0.3868	0.3419	0.4691	0.4315	0.4857	0.2514	0.3335	0	0	0
Pop.i_____	0.3637	0.3044	0.4508	0.4002	0.4475	0.2017	0.2636	0.1594	0	0
Pop.j_____	0.417	0.4236	0.5432	0.5123	0.5775	0.3012	0.365	0.2139	0.2303	0
										
										
10										
Pop.a_____	0	0	0	0	0	0	0	0	0	0
Pop.b_____	0.1663	0	0	0	0	0	0	0	0	0
Pop.c_____	0.4028	0.3137	0	0	0	0	0	0	0	0
Pop.d_____	0.4602	0.3465	0.1957	0	0	0	0	0	0	0
Pop.e_____	0.6344	0.5215	0.3946	0.3768	0	0	0	0	0	0
Pop.f_____	0.3241	0.2879	0.3507	0.3908	0.4821	0	0	0	0	0
Pop.g_____	0.3596	0.3887	0.3945	0.4382	0.6412	0.3311	0	0	0	0
Pop.h_____	0.3454	0.338	0.3828	0.4127	0.5171	0.2552	0.3127	0	0	0
Pop.i_____	0.3078	0.2918	0.3456	0.3888	0.5015	0.2076	0.2628	0.1706	0	0
Pop.j_____	0.3792	0.3821	0.4321	0.4679	0.5784	0.2968	0.3402	0.2078	0.218	0
										
										
10										
Pop.a_____	0	0	0	0	0	0	0	0	0	0
Pop.b_____	0.2211	0	0	0	0	0	0	0	0	0
Pop.c_____	0.4571	0.4204	0	0	0	0	0	0	0	0
Pop.d_____	0.4208	0.3779	0.1671	0	0	0	0	0	0	0
Pop.e_____	0.576	0.5142	0.4258	0.3926	0	0	0	0	0	0
Pop.f_____	0.4596	0.4936	0.488	0.4476	0.5395	0	0	0	0	0
Pop.g_____	0.5174	0.5938	0.5481	0.504	0.6742	0.3037	0	0	0	0
Pop.h_____	0.4056	0.4523	0.4262	0.3696	0.4845	0.2584	0.2743	0	0	0
Pop.i_____	0.4041	0.4376	0.3997	0.375	0.5002	0.2711	0.2507	0.1565	0	0
Pop.j_____	0.4939	0.5434	0.5204	0.4517	0.5833	0.3782	0.3443	0.2149	0.2478	0
										
										
10										
Pop.a_____	0	0	0	0	0	0	0	0	0	0
Pop.b_____	0.1526	0	0	0	0	0	0	0	0	0
Pop.c_____	0.3907	0.3612	0	0	0	0	0	0	0	0
Pop.d_____	0.5006	0.4214	0.2294	0	0	0	0	0	0	0
Pop.e_____	0.6267	0.5373	0.3842	0.339	0	0	0	0	0	0
Pop.f_____	0.3918	0.3556	0.414	0.4528	0.5351	0	0	0	0	0
Pop.g_____	0.4179	0.453	0.4364	0.5122	0.6705	0.3559	0	0	0	0
Pop.h_____	0.348	0.345	0.3974	0.4303	0.5632	0.2416	0.2498	0	0	0
Pop.i_____	0.3728	0.3693	0.39	0.416	0.5489	0.2189	0.3038	0.15	0	0
Pop.j_____	0.4517	0.4641	0.4636	0.4814	0.6145	0.3527	0.3262	0.2012	0.2214	0
										
										
10										
Pop.a_____	0	0	0	0	0	0	0	0	0	0
Pop.b_____	0.1511	0	0	0	0	0	0	0	0	0
Pop.c_____	0.3598	0.3396	0	0	0	0	0	0	0	0
Pop.d_____	0.396	0.3304	0.1737	0	0	0	0	0	0	0
Pop.e_____	0.5389	0.466	0.4037	0.3948	0	0	0	0	0	0
Pop.f_____	0.3787	0.3827	0.4208	0.4459	0.4965	0	0	0	0	0
Pop.g_____	0.4588	0.4932	0.4201	0.4501	0.6242	0.3085	0	0	0	0
Pop.h_____	0.3592	0.366	0.3849	0.3791	0.4778	0.2888	0.3242	0	0	0
Pop.i_____	0.2797	0.2774	0.3282	0.3334	0.4349	0.2083	0.2696	0.1504	0	0
Pop.j_____	0.393	0.4264	0.3962	0.3852	0.5375	0.3138	0.3042	0.2141	0.1961	0
										
										
10										
Pop.a_____	0	0	0	0	0	0	0	0	0	0
Pop.b_____	0.2105	0	0	0	0	0	0	0	0	0
Pop.c_____	0.4612	0.3422	0	0	0	0	0	0	0	0
Pop.d_____	0.5278	0.375	0.1976	0	0	0	0	0	0	0
Pop.e_____	0.6164	0.4567	0.3565	0.3084	0	0	0	0	0	0
Pop.f_____	0.4505	0.4134	0.4311	0.4363	0.498	0	0	0	0	0
Pop.g_____	0.5015	0.4627	0.4297	0.4437	0.5976	0.3489	0	0	0	0
Pop.h_____	0.4144	0.3729	0.3851	0.3806	0.4759	0.2536	0.2547	0	0	0
Pop.i_____	0.4333	0.3825	0.393	0.3793	0.4908	0.2471	0.2592	0.1725	0	0
Pop.j_____	0.4883	0.4688	0.4406	0.4239	0.5398	0.3167	0.2978	0.213	0.2094	0
										
										
10										
Pop.a_____	0	0	0	0	0	0	0	0	0	0
Pop.b_____	0.1653	0	0	0	0	0	0	0	0	0
Pop.c_____	0.4567	0.3947	0	0	0	0	0	0	0	0
Pop.d_____	0.5082	0.4482	0.2303	0	0	0	0	0	0	0
Pop.e_____	0.5425	0.4523	0.3658	0.3604	0	0	0	0	0	0
Pop.f_____	0.4372	0.4356	0.4641	0.4682	0.5007	0	0	0	0	0
Pop.g_____	0.5272	0.5506	0.4825	0.5218	0.6261	0.3852	0	0	0	0
Pop.h_____	0.3751	0.3767	0.3596	0.3671	0.4279	0.2707	0.3138	0	0	0
Pop.i_____	0.3925	0.3801	0.3869	0.3731	0.4171	0.2434	0.3871	0.1907	0	0
Pop.j_____	0.4706	0.4842	0.4209	0.4254	0.5005	0.3611	0.3604	0.2556	0.2403	0
										
										
10										
Pop.a_____	0	0	0	0	0	0	0	0	0	0
Pop.b_____	0.1926	0	0	0	0	0	0	0	0	0
Pop.c_____	0.3527	0.2119	0	0	0	0	0	0	0	0
Pop.d_____	0.4634	0.2847	0.155	0	0	0	0	0	0	0
Pop.e_____	0.6554	0.4958	0.3913	0.3393	0	0	0	0	0	0
Pop.f_____	0.4234	0.3848	0.3726	0.4098	0.5111	0	0	0	0	0
Pop.g_____	0.4913	0.4635	0.4594	0.5076	0.6766	0.3613	0	0	0	0
Pop.h_____	0.4301	0.3715	0.3551	0.3699	0.5442	0.2912	0.2378	0	0	0
Pop.i_____	0.3996	0.3416	0.3625	0.3779	0.5344	0.2553	0.2691	0.1756	0	0
Pop.j_____	0.4784	0.4538	0.4286	0.4307	0.5785	0.3839	0.312	0.2217	0.2275	0
										
										
10										
Pop.a_____	0	0	0	0	0	0	0	0	0	0
Pop.b_____	0.2398	0	0	0	0	0	0	0	0	0
Pop.c_____	0.5578	0.4913	0	0	0	0	0	0	0	0
Pop.d_____	0.5614	0.4515	0.2634	0	0	0	0	0	0	0
Pop.e_____	0.598	0.4552	0.4455	0.3602	0	0	0	0	0	0
Pop.f_____	0.383	0.325	0.4476	0.4251	0.3956	0	0	0	0	0
Pop.g_____	0.4469	0.4291	0.3512	0.3305	0.5035	0.3489	0	0	0	0
Pop.h_____	0.3739	0.3424	0.4072	0.3802	0.4287	0.1958	0.2161	0	0	0
Pop.i_____	0.4191	0.3643	0.3725	0.3904	0.4627	0.2487	0.2437	0.1749	0	0
Pop.j_____	0.5003	0.4712	0.4876	0.4649	0.5274	0.3292	0.2876	0.2014	0.2792	0
										
										
10										
Pop.a_____	0	0	0	0	0	0	0	0	0	0
Pop.b_____	0.177	0	0	0	0	0	0	0	0	0
Pop.c_____	0.4277	0.3353	0	0	0	0	0	0	0	0
Pop.d_____	0.4797	0.3612	0.1738	0	0	0	0	0	0	0
Pop.e_____	0.5832	0.4411	0.3618	0.3151	0	0	0	0	0	0
Pop.f_____	0.3995	0.3474	0.3773	0.3947	0.4313	0	0	0	0	0
Pop.g_____	0.415	0.4294	0.3859	0.4311	0.5932	0.2914	0	0	0	0
Pop.h_____	0.3753	0.3595	0.4	0.408	0.4639	0.2922	0.3245	0	0	0
Pop.i_____	0.329	0.3082	0.3511	0.3615	0.4268	0.2152	0.2784	0.2139	0	0
Pop.j_____	0.4529	0.4623	0.4677	0.4913	0.5705	0.3592	0.3388	0.2286	0.2748	0
										
										
10										
Pop.a_____	0	0	0	0	0	0	0	0	0	0
Pop.b_____	0.1669	0	0	0	0	0	0	0	0	0
Pop.c_____	0.4529	0.427	0	0	0	0	0	0	0	0
Pop.d_____	0.4413	0.393	0.2033	0	0	0	0	0	0	0
Pop.e_____	0.5421	0.4556	0.4283	0.4181	0	0	0	0	0	0
Pop.f_____	0.3158	0.2568	0.3617	0.3504	0.3705	0	0	0	0	0
Pop.g_____	0.4163	0.4266	0.3419	0.3419	0.5269	0.3248	0	0	0	0
Pop.h_____	0.3374	0.3192	0.3419	0.3209	0.3953	0.202	0.2476	0	0	0
Pop.i_____	0.3647	0.336	0.3676	0.3537	0.4151	0.248	0.2585	0.1711	0	0
Pop.j_____	0.4357	0.4394	0.4237	0.3908	0.4846	0.3154	0.2885	0.1757	0.2148	0
										
										
10										
Pop.a_____	0	0	0	0	0	0	0	0	0	0
Pop.b_____	0.2165	0	0	0	0	0	0	0	0	0
Pop.c_____	0.443	0.3308	0	0	0	0	0	0	0	0
Pop.d_____	0.4931	0.3535	0.1421	0	0	0	0	0	0	0
Pop.e_____	0.5643	0.4329	0.2958	0.3084	0	0	0	0	0	0
Pop.f_____	0.494	0.4358	0.5155	0.5039	0.551	0	0	0	0	0
Pop.g_____	0.4747	0.4354	0.3991	0.41	0.5412	0.3012	0	0	0	0
Pop.h_____	0.4331	0.3696	0.3944	0.3766	0.4518	0.2809	0.2468	0	0	0
Pop.i_____	0.4465	0.3454	0.4052	0.3785	0.4659	0.2187	0.2335	0.1439	0	0
Pop.j_____	0.4995	0.4612	0.4576	0.4545	0.5488	0.3455	0.252	0.1693	0.2118	0
										
										
10										
Pop.a_____	0	0	0	0	0	0	0	0	0	0
Pop.b_____	0.1709	0	0	0	0	0	0	0	0	0
Pop.c_____	0.4798	0.3702	0	0	0	0	0	0	0	0
Pop.d_____	0.5281	0.3726	0.2384	0	0	0	0	0	0	0
Pop.e_____	0.6141	0.4539	0.3326	0.3223	0	0	0	0	0	0
Pop.f_____	0.4955	0.4447	0.486	0.5068	0.5384	0	0	0	0	0
Pop.g_____	0.5865	0.5369	0.5711	0.5693	0.6687	0.3105	0	0	0	0
Pop.h_____	0.4488	0.4093	0.4336	0.424	0.4668	0.3577	0.381	0	0	0
Pop.i_____	0.3991	0.3314	0.3776	0.3672	0.4316	0.265	0.3091	0.1807	0	0
Pop.j_____	0.4536	0.4341	0.4629	0.4812	0.5408	0.378	0.3895	0.212	0.2159	0
										
										
10										
Pop.a_____	0	0	0	0	0	0	0	0	0	0
Pop.b_____	0.2524	0	0	0	0	0	0	0	0	0
Pop.c_____	0.4351	0.2931	0	0	0	0	0	0	0	0
Pop.d_____	0.4803	0.3142	0.2097	0	0	0	0	0	0	0
Pop.e_____	0.6236	0.4155	0.3379	0.364	0	0	0	0	0	0
Pop.f_____	0.4512	0.3899	0.4335	0.4391	0.5032	0	0	0	0	0
Pop.g_____	0.4989	0.5245	0.4936	0.5219	0.6661	0.342	0	0	0	0
Pop.h_____	0.3867	0.3493	0.3828	0.3691	0.4767	0.2711	0.3104	0	0	0
Pop.i_____	0.3517	0.3275	0.354	0.3366	0.4716	0.2163	0.2726	0.1915	0	0
Pop.j_____	0.4486	0.4394	0.4368	0.4452	0.5552	0.3363	0.3128	0.1824	0.2255	0
										
										
10										
Pop.a_____	0	0	0	0	0	0	0	0	0	0
Pop.b_____	0.2072	0	0	0	0	0	0	0	0	0
Pop.c_____	0.4789	0.3332	0	0	0	0	0	0	0	0
Pop.d_____	0.5378	0.3459	0.1977	0	0	0	0	0	0	0
Pop.e_____	0.62	0.4559	0.4239	0.3756	0	0	0	0	0	0
Pop.f_____	0.3219	0.2409	0.3371	0.37	0.4159	0	0	0	0	0
Pop.g_____	0.4539	0.4128	0.4087	0.4767	0.5966	0.3514	0	0	0	0
Pop.h_____	0.3253	0.2516	0.3461	0.3704	0.4281	0.2245	0.2854	0	0	0
Pop.i_____	0.3805	0.2968	0.3763	0.3911	0.4241	0.2614	0.3058	0.1737	0	0
Pop.j_____	0.4323	0.383	0.429	0.459	0.5131	0.311	0.3163	0.1965	0.2597	0
										
										
10										
Pop.a_____	0	0	0	0	0	0	0	0	0	0
Pop.b_____	0.1545	0	0	0	0	0	0	0	0	0
Pop.c_____	0.4067	0.3629	0	0	0	0	0	0	0	0
Pop.d_____	0.4697	0.3909	0.1825	0	0	0	0	0	0	0
Pop.e_____	0.5375	0.43	0.398	0.3704	0	0	0	0	0	0
Pop.f_____	0.3627	0.3237	0.4339	0.4431	0.4746	0	0	0	0	0
Pop.g_____	0.4459	0.4808	0.4314	0.4713	0.6072	0.3268	0	0	0	0
Pop.h_____	0.3253	0.3309	0.4108	0.4222	0.4729	0.2463	0.2827	0	0	0
Pop.i_____	0.3736	0.3458	0.4134	0.4156	0.444	0.2414	0.3155	0.1877	0	0
Pop.j_____	0.3917	0.4033	0.4526	0.47	0.5163	0.3021	0.3064	0.1682	0.2273	0
										
										
10										
Pop.a_____	0	0	0	0	0	0	0	0	0	0
Pop.b_____	0.1761	0	0	0	0	0	0	0	0	0
Pop.c_____	0.3867	0.3163	0	0	0	0	0	0	0	0
Pop.d_____	0.4433	0.347	0.1924	0	0	0	0	0	0	0
Pop.e_____	0.4926	0.3923	0.3665	0.3519	0	0	0	0	0	0
Pop.f_____	0.3322	0.2648	0.3674	0.3728	0.4053	0	0	0	0	0
Pop.g_____	0.3933	0.3747	0.3414	0.3558	0.4757	0.3165	0	0	0	0
Pop.h_____	0.3203	0.2944	0.3715	0.3775	0.4157	0.2842	0.2989	0	0	0
Pop.i_____	0.3218	0.2454	0.3165	0.3131	0.311	0.2071	0.2339	0.1879	0	0
Pop.j_____	0.3514	0.3577	0.3863	0.4088	0.4212	0.3177	0.301	0.1965	0.2084	0
										
										
10										
Pop.a_____	0	0	0	0	0	0	0	0	0	0
Pop.b_____	0.1984	0	0	0	0	0	0	0	0	0
Pop.c_____	0.3334	0.3354	0	0	0	0	0	0	0	0
Pop.d_____	0.3794	0.3431	0.146	0	0	0	0	0	0	0
Pop.e_____	0.5435	0.46	0.3306	0.2995	0	0	0	0	0	0
Pop.f_____	0.3804	0.3604	0.4267	0.4426	0.5252	0	0	0	0	0
Pop.g_____	0.3677	0.5083	0.4595	0.5092	0.6801	0.3458	0	0	0	0
Pop.h_____	0.3386	0.3623	0.3923	0.3829	0.4752	0.2646	0.35	0	0	0
Pop.i_____	0.2797	0.3166	0.3842	0.3593	0.4585	0.1998	0.3252	0.17	0	0
Pop.j_____	0.3501	0.4018	0.4224	0.4355	0.5614	0.2973	0.3173	0.2214	0.2054	0
										
										
10										
Pop.a_____	0	0	0	0	0	0	0	0	0	0
Pop.b_____	0.1823	0	0	0	0	0	0	0	0	0
Pop.c_____	0.4534	0.3952	0	0	0	0	0	0	0	0
Pop.d_____	0.5599	0.4696	0.2101	0	0	0	0	0	0	0
Pop.e_____	0.5964	0.4891	0.3532	0.3843	0	0	0	0	0	0
Pop.f_____	0.397	0.36	0.4241	0.5002	0.5229	0	0	0	0	0
Pop.g_____	0.4748	0.4672	0.4231	0.4512	0.6043	0.4227	0	0	0	0
Pop.h_____	0.3305	0.3046	0.3277	0.36	0.4225	0.2862	0.2938	0	0	0
Pop.i_____	0.332	0.3031	0.3722	0.409	0.4541	0.2731	0.2877	0.1432	0	0
Pop.j_____	0.4136	0.4179	0.3677	0.419	0.515	0.3479	0.3158	0.1937	0.2245	0
										
										
10										
Pop.a_____	0	0	0	0	0	0	0	0	0	0
Pop.b_____	0.2174	0	0	0	0	0	0	0	0	0
Pop.c_____	0.4646	0.3921	0	0	0	0	0	0	0	0
Pop.d_____	0.5247	0.4076	0.2449	0	0	0	0	0	0	0
Pop.e_____	0.6281	0.4892	0.4075	0.3722	0	0	0	0	0	0
Pop.f_____	0.379	0.2956	0.4115	0.4101	0.4395	0	0	0	0	0
Pop.g_____	0.4046	0.4289	0.4344	0.467	0.6304	0.3938	0	0	0	0
Pop.h_____	0.3881	0.3391	0.3963	0.406	0.4569	0.248	0.3257	0	0	0
Pop.i_____	0.3923	0.345	0.3803	0.4086	0.4917	0.2564	0.2892	0.2012	0	0
Pop.j_____	0.4252	0.4055	0.4461	0.4408	0.4933	0.2958	0.3482	0.1666	0.2292	0
										
										
10										
Pop.a_____	0	0	0	0	0	0	0	0	0	0
Pop.b_____	0.1845	0	0	0	0	0	0	0	0	0
Pop.c_____	0.4292	0.3905	0	0	0	0	0	0	0	0
Pop.d_____	0.4557	0.3859	0.2418	0	0	0	0	0	0	0
Pop.e_____	0.6151	0.5363	0.4177	0.4086	0	0	0	0	0	0
Pop.f_____	0.3755	0.3827	0.3554	0.3583	0.4321	0	0	0	0	0
Pop.g_____	0.4686	0.4779	0.4179	0.3958	0.619	0.343	0	0	0	0
Pop.h_____	0.3621	0.3752	0.3279	0.3299	0.429	0.2238	0.2921	0	0	0
Pop.i_____	0.3485	0.3329	0.2806	0.2773	0.3955	0.1943	0.2891	0.1448	0	0
Pop.j_____	0.4233	0.4453	0.3684	0.3705	0.4791	0.2904	0.336	0.2082	0.2234	0
										
										
10										
Pop.a_____	0	0	0	0	0	0	0	0	0	0
Pop.b_____	0.1547	0	0	0	0	0	0	0	0	0
Pop.c_____	0.3735	0.334	0	0	0	0	0	0	0	0
Pop.d_____	0.4669	0.3677	0.2199	0	0	0	0	0	0	0
Pop.e_____	0.5563	0.4586	0.2822	0.3891	0	0	0	0	0	0
Pop.f_____	0.4497	0.4182	0.4397	0.4858	0.5018	0	0	0	0	0
Pop.g_____	0.5301	0.4989	0.4645	0.5017	0.627	0.3766	0	0	0	0
Pop.h_____	0.3466	0.3168	0.328	0.3536	0.4332	0.3165	0.2979	0	0	0
Pop.i_____	0.3767	0.3214	0.3764	0.3782	0.4489	0.2855	0.3303	0.1715	0	0
Pop.j_____	0.3731	0.3679	0.3231	0.3566	0.4412	0.3537	0.3306	0.1379	0.1528	0
										
										
10										
Pop.a_____	0	0	0	0	0	0	0	0	0	0
Pop.b_____	0.1535	0	0	0	0	0	0	0	0	0
Pop.c_____	0.5045	0.455	0	0	0	0	0	0	0	0
Pop.d_____	0.5046	0.4347	0.2012	0	0	0	0	0	0	0
Pop.e_____	0.6064	0.5129	0.3732	0.3459	0	0	0	0	0	0
Pop.f_____	0.4009	0.383	0.4043	0.4105	0.5031	0	0	0	0	0
Pop.g_____	0.5182	0.5298	0.4967	0.484	0.6653	0.3225	0	0	0	0
Pop.h_____	0.3801	0.3972	0.4434	0.422	0.5222	0.2943	0.3494	0	0	0
Pop.i_____	0.3103	0.3125	0.4055	0.3878	0.4739	0.234	0.3331	0.184	0	0
Pop.j_____	0.4527	0.4652	0.4553	0.4538	0.5714	0.314	0.3672	0.225	0.2479	0
										
										
10										
Pop.a_____	0	0	0	0	0	0	0	0	0	0
Pop.b_____	0.224	0	0	0	0	0	0	0	0	0
Pop.c_____	0.3961	0.2957	0	0	0	0	0	0	0	0
Pop.d_____	0.4589	0.3485	0.1803	0	0	0	0	0	0	0
Pop.e_____	0.5514	0.4202	0.2745	0.2931	0	0	0	0	0	0
Pop.f_____	0.4134	0.3574	0.401	0.4091	0.413	0	0	0	0	0
Pop.g_____	0.363	0.423	0.4315	0.4626	0.5717	0.3506	0	0	0	0
Pop.h_____	0.4053	0.3628	0.4054	0.4118	0.4322	0.2527	0.3161	0	0	0
Pop.i_____	0.391	0.373	0.3772	0.3759	0.4143	0.2423	0.3359	0.2286	0	0
Pop.j_____	0.415	0.4319	0.4507	0.4558	0.4817	0.3197	0.3514	0.2204	0.2032	0
										
										
10										
Pop.a_____	0	0	0	0	0	0	0	0	0	0
Pop.b_____	0.2225	0	0	0	0	0	0	0	0	0
Pop.c_____	0.3964	0.3109	0	0	0	0	0	0	0	0
Pop.d_____	0.4945	0.3738	0.2	0	0	0	0	0	0	0
Pop.e_____	0.6412	0.5463	0.3501	0.3415	0	0	0	0	0	0
Pop.f_____	0.3907	0.324	0.3862	0.4144	0.5295	0	0	0	0	0
Pop.g_____	0.4233	0.4689	0.4405	0.5334	0.6601	0.316	0	0	0	0
Pop.h_____	0.2956	0.2822	0.3463	0.3892	0.4985	0.2029	0.2909	0	0	0
Pop.i_____	0.3631	0.3262	0.3624	0.3898	0.5026	0.2339	0.3348	0.1791	0	0
Pop.j_____	0.3919	0.3981	0.4089	0.4494	0.5375	0.2853	0.371	0.1982	0.2068	0
										
										
10										
Pop.a_____	0	0	0	0	0	0	0	0	0	0
Pop.b_____	0.2395	0	0	0	0	0	0	0	0	0
Pop.c_____	0.4402	0.3133	0	0	0	0	0	0	0	0
Pop.d_____	0.5046	0.3482	0.1597	0	0	0	0	0	0	0
Pop.e_____	0.5935	0.4412	0.3696	0.3222	0	0	0	0	0	0
Pop.f_____	0.3026	0.2159	0.3752	0.3708	0.4533	0	0	0	0	0
Pop.g_____	0.4049	0.3828	0.3888	0.4003	0.5647	0.3894	0	0	0	0
Pop.h_____	0.3296	0.258	0.3595	0.3452	0.4469	0.2486	0.2409	0	0	0
Pop.i_____	0.4194	0.3245	0.3899	0.3573	0.433	0.2814	0.2704	0.1745	0	0
Pop.j_____	0.3962	0.3621	0.4059	0.4025	0.4919	0.3202	0.2747	0.203	0.2008	0
										
										
10										
Pop.a_____	0	0	0	0	0	0	0	0	0	0
Pop.b_____	0.218	0	0	0	0	0	0	0	0	0
Pop.c_____	0.4242	0.3289	0	0	0	0	0	0	0	0
Pop.d_____	0.4891	0.3883	0.1602	0	0	0	0	0	0	0
Pop.e_____	0.5861	0.4726	0.3342	0.3625	0	0	0	0	0	0
Pop.f_____	0.3128	0.3209	0.3659	0.3908	0.4474	0	0	0	0	0
Pop.g_____	0.3925	0.427	0.3499	0.3916	0.5797	0.3146	0	0	0	0
Pop.h_____	0.3168	0.317	0.3125	0.3182	0.4407	0.2351	0.2239	0	0	0
Pop.i_____	0.3392	0.3061	0.2958	0.3129	0.4434	0.2363	0.2145	0.1593	0	0
Pop.j_____	0.4027	0.4154	0.3733	0.3481	0.4933	0.3336	0.3095	0.1998	0.2219	0
										
										
10										
Pop.a_____	0	0	0	0	0	0	0	0	0	0
Pop.b_____	0.1588	0	0	0	0	0	0	0	0	0
Pop.c_____	0.44	0.3859	0	0	0	0	0	0	0	0
Pop.d_____	0.562	0.4797	0.1917	0	0	0	0	0	0	0
Pop.e_____	0.5904	0.4928	0.3293	0.3225	0	0	0	0	0	0
Pop.f_____	0.3992	0.3438	0.4054	0.4487	0.4509	0	0	0	0	0
Pop.g_____	0.379	0.3932	0.3583	0.4432	0.5422	0.3505	0	0	0	0
Pop.h_____	0.3174	0.2957	0.3415	0.404	0.4425	0.2281	0.2258	0	0	0
Pop.i_____	0.3533	0.3146	0.3605	0.3966	0.4183	0.1965	0.3071	0.1692	0	0
Pop.j_____	0.4386	0.4433	0.4	0.4544	0.4964	0.3415	0.3298	0.2104	0.243	0
										
										
10										
Pop.a_____	0	0	0	0	0	0	0	0	0	0
Pop.b_____	0.2022	0	0	0	0	0	0	0	0	0
Pop.c_____	0.4464	0.3833	0	0	0	0	0	0	0	0
Pop.d_____	0.5094	0.3788	0.2335	0	0	0	0	0	0	0
Pop.e_____	0.6174	0.496	0.4328	0.4026	0	0	0	0	0	0
Pop.f_____	0.3493	0.3068	0.4166	0.4611	0.5189	0	0	0	0	0
Pop.g_____	0.4375	0.4525	0.4385	0.4919	0.6143	0.3204	0	0	0	0
Pop.h_____	0.3438	0.3154	0.4154	0.4338	0.5241	0.2705	0.2629	0	0	0
Pop.i_____	0.3228	0.2857	0.4011	0.4383	0.5125	0.2697	0.2546	0.1676	0	0
Pop.j_____	0.4355	0.4233	0.4679	0.4822	0.5759	0.3532	0.3034	0.1856	0.2229	0
										
										
10										
Pop.a_____	0	0	0	0	0	0	0	0	0	0
Pop.b_____	0.2052	0	0	0	0	0	0	0	0	0
Pop.c_____	0.4376	0.4337	0	0	0	0	0	0	0	0
Pop.d_____	0.4998	0.4412	0.2088	0	0	0	0	0	0	0
Pop.e_____	0.5377	0.4687	0.3183	0.3393	0	0	0	0	0	0
Pop.f_____	0.4739	0.3786	0.4469	0.4338	0.4253	0	0	0	0	0
Pop.g_____	0.4198	0.4154	0.3693	0.3558	0.4954	0.4028	0	0	0	0
Pop.h_____	0.368	0.3071	0.3393	0.3129	0.3757	0.2607	0.2681	0	0	0
Pop.i_____	0.408	0.3292	0.3671	0.2977	0.3438	0.2009	0.2868	0.1524	0	0
Pop.j_____	0.4129	0.4018	0.3818	0.3596	0.4296	0.3248	0.2856	0.1586	0.182	0
										
										
10										
Pop.a_____	0	0	0	0	0	0	0	0	0	0
Pop.b_____	0.2369	0	0	0	0	0	0	0	0	0
Pop.c_____	0.4645	0.3313	0	0	0	0	0	0	0	0
Pop.d_____	0.5248	0.3808	0.1929	0	0	0	0	0	0	0
Pop.e_____	0.5935	0.4142	0.3382	0.3595	0	0	0	0	0	0
Pop.f_____	0.309	0.275	0.3611	0.3736	0.406	0	0	0	0	0
Pop.g_____	0.4134	0.442	0.4001	0.4259	0.5753	0.3035	0	0	0	0
Pop.h_____	0.3887	0.3564	0.3781	0.3882	0.4723	0.2477	0.3062	0	0	0
Pop.i_____	0.3482	0.3034	0.3396	0.3539	0.4484	0.2118	0.2093	0.1952	0	0
Pop.j_____	0.451	0.4537	0.4529	0.4546	0.5599	0.3556	0.3349	0.2387	0.2379	0
										
										
10										
Pop.a_____	0	0	0	0	0	0	0	0	0	0
Pop.b_____	0.2216	0	0	0	0	0	0	0	0	0
Pop.c_____	0.4311	0.4016	0	0	0	0	0	0	0	0
Pop.d_____	0.597	0.5455	0.1797	0	0	0	0	0	0	0
Pop.e_____	0.5933	0.515	0.3561	0.4421	0	0	0	0	0	0
Pop.f_____	0.4331	0.3644	0.4033	0.485	0.4424	0	0	0	0	0
Pop.g_____	0.4482	0.4668	0.3381	0.4348	0.5551	0.3384	0	0	0	0
Pop.h_____	0.3866	0.3582	0.3377	0.4039	0.4442	0.2222	0.2797	0	0	0
Pop.i_____	0.3817	0.3315	0.3251	0.3766	0.3947	0.1748	0.2807	0.154	0	0
Pop.j_____	0.4714	0.4713	0.3721	0.424	0.5008	0.3301	0.303	0.2123	0.2064	0
										
										
10										
Pop.a_____	0	0	0	0	0	0	0	0	0	0
Pop.b_____	0.2461	0	0	0	0	0	0	0	0	0
Pop.c_____	0.4447	0.2819	0	0	0	0	0	0	0	0
Pop.d_____	0.4977	0.3262	0.1588	0	0	0	0	0	0	0
Pop.e_____	0.6247	0.4418	0.3929	0.3375	0	0	0	0	0	0
Pop.f_____	0.3402	0.3214	0.3993	0.3884	0.4811	0	0	0	0	0
Pop.g_____	0.4346	0.4519	0.4447	0.4708	0.6431	0.3179	0	0	0	0
Pop.h_____	0.4013	0.379	0.4352	0.4305	0.5366	0.2768	0.3301	0	0	0
Pop.i_____	0.3936	0.3398	0.3674	0.3675	0.4854	0.2383	0.2681	0.2213	0	0
Pop.j_____	0.3679	0.3708	0.4218	0.4118	0.5242	0.2726	0.316	0.2139	0.1784	0
										
										
10										
Pop.a_____	0	0	0	0	0	0	0	0	0	0
Pop.b_____	0.2006	0	0	0	0	0	0	0	0	0
Pop.c_____	0.4008	0.3847	0	0	0	0	0	0	0	0
Pop.d_____	0.5197	0.4719	0.213	0	0	0	0	0	0	0
Pop.e_____	0.5528	0.5108	0.3111	0.4134	0	0	0	0	0	0
Pop.f_____	0.3447	0.3651	0.3685	0.4433	0.4146	0	0	0	0	0
Pop.g_____	0.4217	0.4421	0.3845	0.3906	0.5467	0.4029	0	0	0	0
Pop.h_____	0.3734	0.3745	0.3461	0.3715	0.4214	0.2633	0.2661	0	0	0
Pop.i_____	0.3538	0.3244	0.3009	0.3112	0.3575	0.1981	0.2763	0.1666	0	0
Pop.j_____	0.4873	0.5002	0.4299	0.4481	0.5046	0.3749	0.3652	0.2077	0.2684	0
										
										
10										
Pop.a_____	0	0	0	0	0	0	0	0	0	0
Pop.b_____	0.1883	0	0	0	0	0	0	0	0	0
Pop.c_____	0.4518	0.4237	0	0	0	0	0	0	0	0
Pop.d_____	0.5201	0.4628	0.1984	0	0	0	0	0	0	0
Pop.e_____	0.5957	0.5336	0.3643	0.3597	0	0	0	0	0	0
Pop.f_____	0.4706	0.4102	0.4519	0.4705	0.5012	0	0	0	0	0
Pop.g_____	0.4464	0.4508	0.3872	0.4412	0.569	0.3836	0	0	0	0
Pop.h_____	0.457	0.4321	0.4324	0.4321	0.4616	0.3222	0.3666	0	0	0
Pop.i_____	0.4281	0.3914	0.3938	0.3909	0.4208	0.2599	0.3108	0.2109	0	0
Pop.j_____	0.4987	0.481	0.4502	0.4528	0.5002	0.3122	0.3358	0.2773	0.2139	0
										
										
10										
Pop.a_____	0	0	0	0	0	0	0	0	0	0
Pop.b_____	0.1816	0	0	0	0	0	0	0	0	0
Pop.c_____	0.5293	0.4478	0	0	0	0	0	0	0	0
Pop.d_____	0.6315	0.5268	0.2671	0	0	0	0	0	0	0
Pop.e_____	0.6386	0.5392	0.3867	0.376	0	0	0	0	0	0
Pop.f_____	0.4665	0.3986	0.4079	0.4553	0.4404	0	0	0	0	0
Pop.g_____	0.5221	0.4659	0.446	0.4993	0.5592	0.362	0	0	0	0
Pop.h_____	0.3722	0.3232	0.3601	0.3939	0.4026	0.2289	0.2611	0	0	0
Pop.i_____	0.4454	0.3912	0.366	0.384	0.3745	0.2546	0.3082	0.1627	0	0
Pop.j_____	0.488	0.4585	0.4128	0.4481	0.4498	0.3213	0.3438	0.1585	0.1983	0
										
										
10										
Pop.a_____	0	0	0	0	0	0	0	0	0	0
Pop.b_____	0.2141	0	0	0	0	0	0	0	0	0
Pop.c_____	0.4298	0.4371	0	0	0	0	0	0	0	0
Pop.d_____	0.4721	0.4932	0.2423	0	0	0	0	0	0	0
Pop.e_____	0.4863	0.4404	0.38	0.434	0	0	0	0	0	0
Pop.f_____	0.3957	0.3727	0.4566	0.4668	0.4499	0	0	0	0	0
Pop.g_____	0.5099	0.574	0.4712	0.4646	0.6089	0.3988	0	0	0	0
Pop.h_____	0.3216	0.348	0.3722	0.3615	0.41	0.2218	0.3133	0	0	0
Pop.i_____	0.3362	0.3366	0.3583	0.3371	0.3545	0.2054	0.3339	0.1592	0	0
Pop.j_____	0.4305	0.4558	0.4139	0.376	0.4553	0.3203	0.387	0.1812	0.1925	0
										
										
10										
Pop.a_____	0	0	0	0	0	0	0	0	0	0
Pop.b_____	0.1879	0	0	0	0	0	0	0	0	0
Pop.c_____	0.3854	0.35	0	0	0	0	0	0	0	0
Pop.d_____	0.3752	0.3117	0.1994	0	0	0	0	0	0	0
Pop.e_____	0.4791	0.4125	0.3661	0.3512	0	0	0	0	0	0
Pop.f_____	0.4127	0.4162	0.5026	0.4482	0.535	0	0	0	0	0
Pop.g_____	0.5052	0.5245	0.5296	0.4509	0.6257	0.3948	0	0	0	0
Pop.h_____	0.3237	0.3358	0.3814	0.3036	0.4173	0.1955	0.2731	0	0	0
Pop.i_____	0.3463	0.3354	0.4183	0.3493	0.4478	0.2392	0.3147	0.1344	0	0
Pop.j_____	0.3711	0.4161	0.411	0.3626	0.4651	0.2914	0.3359	0.1482	0.1836	0
										
										
10										
Pop.a_____	0	0	0	0	0	0	0	0	0	0
Pop.b_____	0.1807	0	0	0	0	0	0	0	0	0
Pop.c_____	0.4547	0.377	0	0	0	0	0	0	0	0
Pop.d_____	0.5021	0.3849	0.2022	0	0	0	0	0	0	0
Pop.e_____	0.6112	0.4894	0.4073	0.3588	0	0	0	0	0	0
Pop.f_____	0.4303	0.4161	0.433	0.4671	0.5017	0	0	0	0	0
Pop.g_____	0.5017	0.4929	0.3924	0.4646	0.6281	0.3105	0	0	0	0
Pop.h_____	0.353	0.36	0.3972	0.4242	0.5012	0.2789	0.2754	0	0	0
Pop.i_____	0.3405	0.3173	0.3541	0.415	0.5026	0.256	0.3007	0.1828	0	0
Pop.j_____	0.4536	0.4554	0.4448	0.4573	0.5712	0.3437	0.3279	0.2138	0.2586	0
										
										
10										
Pop.a_____	0	0	0	0	0	0	0	0	0	0
Pop.b_____	0.1524	0	0	0	0	0	0	0	0	0
Pop.c_____	0.3382	0.3536	0	0	0	0	0	0	0	0
Pop.d_____	0.4138	0.3804	0.1848	0	0	0	0	0	0	0
Pop.e_____	0.4757	0.4347	0.3226	0.325	0	0	0	0	0	0
Pop.f_____	0.3885	0.3717	0.4322	0.4533	0.5006	0	0	0	0	0
Pop.g_____	0.4401	0.478	0.442	0.4554	0.559	0.3598	0	0	0	0
Pop.h_____	0.3463	0.3427	0.3488	0.3438	0.3723	0.2613	0.3362	0	0	0
Pop.i_____	0.3138	0.3116	0.3623	0.3655	0.3669	0.2376	0.3399	0.1642	0	0
Pop.j_____	0.367	0.3982	0.384	0.4116	0.4415	0.3012	0.3486	0.2439	0.1958	0
										
										
10										
Pop.a_____	0	0	0	0	0	0	0	0	0	0
Pop.b_____	0.1868	0	0	0	0	0	0	0	0	0
Pop.c_____	0.4203	0.3494	0	0	0	0	0	0	0	0
Pop.d_____	0.4654	0.3392	0.1548	0	0	0	0	0	0	0
Pop.e_____	0.5457	0.4379	0.2975	0.31	0	0	0	0	0	0
Pop.f_____	0.4406	0.3982	0.461	0.461	0.4901	0	0	0	0	0
Pop.g_____	0.4822	0.4699	0.4742	0.4762	0.5929	0.3406	0	0	0	0
Pop.h_____	0.4149	0.3623	0.4168	0.3783	0.4479	0.2904	0.266	0	0	0
Pop.i_____	0.4163	0.3429	0.4146	0.3641	0.4348	0.258	0.2823	0.1148	0	0
Pop.j_____	0.4674	0.4501	0.4631	0.4485	0.5331	0.3653	0.2838	0.1938	0.1992	0
										
										
10										
Pop.a_____	0	0	0	0	0	0	0	0	0	0
Pop.b_____	0.1672	0	0	0	0	0	0	0	0	0
Pop.c_____	0.4045	0.3529	0	0	0	0	0	0	0	0
Pop.d_____	0.5233	0.4343	0.2203	0	0	0	0	0	0	0
Pop.e_____	0.5838	0.4541	0.3309	0.3441	0	0	0	0	0	0
Pop.f_____	0.4332	0.3595	0.4423	0.4767	0.4827	0	0	0	0	0
Pop.g_____	0.4532	0.4388	0.4698	0.4878	0.6236	0.3919	0	0	0	0
Pop.h_____	0.3916	0.3526	0.4112	0.4389	0.4914	0.2466	0.2793	0	0	0
Pop.i_____	0.4234	0.373	0.4357	0.4456	0.4984	0.2173	0.3102	0.1446	0	0
Pop.j_____	0.4914	0.4696	0.513	0.5338	0.6036	0.3407	0.3612	0.1638	0.2228	0
										
										
10										
Pop.a_____	0	0	0	0	0	0	0	0	0	0
Pop.b_____	0.2004	0	0	0	0	0	0	0	0	0
Pop.c_____	0.4577	0.3431	0	0	0	0	0	0	0	0
Pop.d_____	0.47	0.291	0.2069	0	0	0	0	0	0	0
Pop.e_____	0.5752	0.3955	0.3717	0.3458	0	0	0	0	0	0
Pop.f_____	0.3198	0.2237	0.3536	0.3355	0.4161	0	0	0	0	0
Pop.g_____	0.4265	0.4128	0.4064	0.3957	0.5588	0.319	0	0	0	0
Pop.h_____	0.3063	0.2504	0.3592	0.3467	0.4212	0.2122	0.3127	0	0	0
Pop.i_____	0.2883	0.2453	0.33	0.3257	0.4192	0.2202	0.2364	0.1944	0	0
Pop.j_____	0.3913	0.3952	0.4782	0.4713	0.5399	0.3132	0.3812	0.1787	0.2634	0
										
										
10										
Pop.a_____	0	0	0	0	0	0	0	0	0	0
Pop.b_____	0.1396	0	0	0	0	0	0	0	0	0
Pop.c_____	0.4165	0.3074	0	0	0	0	0	0	0	0
Pop.d_____	0.5239	0.3851	0.207	0	0	0	0	0	0	0
Pop.e_____	0.5753	0.4345	0.2979	0.2692	0	0	0	0	0	0
Pop.f_____	0.3941	0.2925	0.4117	0.4433	0.4534	0	0	0	0	0
Pop.g_____	0.4146	0.3386	0.3805	0.4435	0.5279	0.3154	0	0	0	0
Pop.h_____	0.4083	0.3439	0.4346	0.4705	0.4798	0.2924	0.3043	0	0	0
Pop.i_____	0.4361	0.3391	0.4226	0.4267	0.4474	0.2268	0.2826	0.1786	0	0
Pop.j_____	0.4895	0.4251	0.4799	0.5129	0.5339	0.3474	0.3138	0.1786	0.2362	0
										
										
10										
Pop.a_____	0	0	0	0	0	0	0	0	0	0
Pop.b_____	0.229	0	0	0	0	0	0	0	0	0
Pop.c_____	0.5021	0.372	0	0	0	0	0	0	0	0
Pop.d_____	0.5659	0.4257	0.1972	0	0	0	0	0	0	0
Pop.e_____	0.6577	0.5445	0.3973	0.3828	0	0	0	0	0	0
Pop.f_____	0.4321	0.3813	0.3858	0.3995	0.4704	0	0	0	0	0
Pop.g_____	0.4463	0.3893	0.3707	0.3884	0.511	0.2811	0	0	0	0
Pop.h_____	0.4014	0.3499	0.3557	0.3731	0.4406	0.2192	0.2203	0	0	0
Pop.i_____	0.4834	0.3902	0.3541	0.3409	0.3908	0.2473	0.2127	0.1738	0	0
Pop.j_____	0.4537	0.4193	0.3863	0.3892	0.4346	0.2706	0.2591	0.1702	0.1709	0
										
										
10										
Pop.a_____	0	0	0	0	0	0	0	0	0	0
Pop.b_____	0.1734	0	0	0	0	0	0	0	0	0
Pop.c_____	0.4616	0.4196	0	0	0	0	0	0	0	0
Pop.d_____	0.4547	0.4053	0.1968	0	0	0	0	0	0	0
Pop.e_____	0.5233	0.435	0.35	0.3474	0	0	0	0	0	0
Pop.f_____	0.3527	0.3142	0.3729	0.3534	0.3724	0	0	0	0	0
Pop.g_____	0.4888	0.4525	0.3454	0.3255	0.5306	0.3349	0	0	0	0
Pop.h_____	0.3262	0.2952	0.3138	0.2848	0.3525	0.2227	0.2913	0	0	0
Pop.i_____	0.3623	0.288	0.3098	0.2503	0.3297	0.2069	0.3192	0.1378	0	0
Pop.j_____	0.4075	0.3899	0.3582	0.277	0.4184	0.2833	0.3418	0.1846	0.1865	0
										
										
10										
Pop.a_____	0	0	0	0	0	0	0	0	0	0
Pop.b_____	0.234	0	0	0	0	0	0	0	0	0
Pop.c_____	0.4631	0.349	0	0	0	0	0	0	0	0
Pop.d_____	0.5268	0.3789	0.2146	0	0	0	0	0	0	0
Pop.e_____	0.6756	0.5239	0.3739	0.3275	0	0	0	0	0	0
Pop.f_____	0.4384	0.3997	0.4127	0.4252	0.5028	0	0	0	0	0
Pop.g_____	0.4692	0.4428	0.4405	0.4711	0.6446	0.3223	0	0	0	0
Pop.h_____	0.3831	0.3397	0.3782	0.3708	0.4872	0.2455	0.2913	0	0	0
Pop.i_____	0.4249	0.3573	0.3392	0.3109	0.4448	0.2096	0.2712	0.1492	0	0
Pop.j_____	0.4405	0.4217	0.4477	0.4375	0.5604	0.2901	0.3579	0.1872	0.1733	0
										
										
10										
Pop.a_____	0	0	0	0	0	0	0	0	0	0
Pop.b_____	0.1464	0	0	0	0	0	0	0	0	0
Pop.c_____	0.4501	0.3708	0	0	0	0	0	0	0	0
Pop.d_____	0.4555	0.3522	0.2358	0	0	0	0	0	0	0
Pop.e_____	0.5474	0.4534	0.2286	0.2779	0	0	0	0	0	0
Pop.f_____	0.3946	0.3479	0.4004	0.4032	0.4357	0	0	0	0	0
Pop.g_____	0.4708	0.4219	0.4843	0.4405	0.5775	0.3726	0	0	0	0
Pop.h_____	0.349	0.3177	0.374	0.3601	0.4126	0.2477	0.269	0	0	0
Pop.i_____	0.3507	0.3057	0.3777	0.3297	0.4075	0.2354	0.3053	0.1491	0	0
Pop.j_____	0.4531	0.4372	0.4547	0.4499	0.5108	0.367	0.3831	0.1824	0.2448	0
										
										
10										
Pop.a_____	0	0	0	0	0	0	0	0	0	0
Pop.b_____	0.2247	0	0	0	0	0	0	0	0	0
Pop.c_____	0.418	0.3244	0	0	0	0	0	0	0	0
Pop.d_____	0.5024	0.3723	0.1799	0	0	0	0	0	0	0
Pop.e_____	0.6397	0.519	0.3232	0.349	0	0	0	0	0	0
Pop.f_____	0.5207	0.4688	0.4813	0.4925	0.5598	0	0	0	0	0
Pop.g_____	0.4626	0.4927	0.4776	0.5273	0.6572	0.3642	0	0	0	0
Pop.h_____	0.4015	0.3688	0.3632	0.379	0.4603	0.2991	0.3102	0	0	0
Pop.i_____	0.4512	0.4244	0.4073	0.4004	0.4951	0.2863	0.2987	0.2084	0	0
Pop.j_____	0.4369	0.4304	0.4004	0.4157	0.4884	0.3404	0.3131	0.1767	0.19	0
										
										
10										
Pop.a_____	0	0	0	0	0	0	0	0	0	0
Pop.b_____	0.1224	0	0	0	0	0	0	0	0	0
Pop.c_____	0.4293	0.4194	0	0	0	0	0	0	0	0
Pop.d_____	0.3872	0.3456	0.1925	0	0	0	0	0	0	0
Pop.e_____	0.4327	0.3876	0.3453	0.3086	0	0	0	0	0	0
Pop.f_____	0.4428	0.4293	0.4733	0.4318	0.4764	0	0	0	0	0
Pop.g_____	0.5004	0.4948	0.4281	0.3749	0.5276	0.3077	0	0	0	0
Pop.h_____	0.3903	0.3795	0.4183	0.3514	0.4264	0.2322	0.2408	0	0	0
Pop.i_____	0.3895	0.3587	0.4097	0.3433	0.4163	0.2144	0.2325	0.1172	0	0
Pop.j_____	0.4953	0.4935	0.4787	0.4355	0.5112	0.3358	0.3106	0.1962	0.2309	0
										
										
10										
Pop.a_____	0	0	0	0	0	0	0	0	0	0
Pop.b_____	0.1772	0	0	0	0	0	0	0	0	0
Pop.c_____	0.4718	0.3465	0	0	0	0	0	0	0	0
Pop.d_____	0.5445	0.4159	0.2223	0	0	0	0	0	0	0
Pop.e_____	0.6267	0.4711	0.3873	0.3348	0	0	0	0	0	0
Pop.f_____	0.3239	0.2793	0.3785	0.4197	0.4733	0	0	0	0	0
Pop.g_____	0.4375	0.3954	0.4012	0.4708	0.6148	0.3462	0	0	0	0
Pop.h_____	0.4096	0.369	0.4388	0.4535	0.5218	0.3257	0.359	0	0	0
Pop.i_____	0.3524	0.3086	0.3511	0.3737	0.4525	0.2384	0.2598	0.1848	0	0
Pop.j_____	0.4533	0.4394	0.4809	0.4869	0.5908	0.3395	0.3769	0.2535	0.2305	0
										
										
10										
Pop.a_____	0	0	0	0	0	0	0	0	0	0
Pop.b_____	0.1964	0	0	0	0	0	0	0	0	0
Pop.c_____	0.4014	0.3723	0	0	0	0	0	0	0	0
Pop.d_____	0.4023	0.3393	0.185	0	0	0	0	0	0	0
Pop.e_____	0.4836	0.383	0.2818	0.2935	0	0	0	0	0	0
Pop.f_____	0.4199	0.3835	0.4379	0.4045	0.4276	0	0	0	0	0
Pop.g_____	0.3997	0.4789	0.385	0.3909	0.5551	0.3855	0	0	0	0
Pop.h_____	0.3138	0.3197	0.3555	0.3209	0.3903	0.255	0.2877	0	0	0
Pop.i_____	0.3299	0.3503	0.3765	0.3501	0.4517	0.271	0.2681	0.1902	0	0
Pop.j_____	0.3493	0.3872	0.3795	0.3424	0.4361	0.3293	0.3107	0.1813	0.1893	0
										
										
10										
Pop.a_____	0	0	0	0	0	0	0	0	0	0
Pop.b_____	0.2188	0	0	0	0	0	0	0	0	0
Pop.c_____	0.4583	0.33	0	0	0	0	0	0	0	0
Pop.d_____	0.5143	0.3833	0.1775	0	0	0	0	0	0	0
Pop.e_____	0.62	0.4338	0.3448	0.346	0	0	0	0	0	0
Pop.f_____	0.4351	0.4052	0.4455	0.4615	0.5333	0	0	0	0	0
Pop.g_____	0.4689	0.5226	0.4716	0.4995	0.6793	0.335	0	0	0	0
Pop.h_____	0.382	0.3783	0.4291	0.4367	0.518	0.1957	0.2851	0	0	0
Pop.i_____	0.3404	0.3502	0.4169	0.4431	0.54	0.1844	0.2268	0.1311	0	0
Pop.j_____	0.449	0.4678	0.4782	0.4855	0.5933	0.2807	0.3201	0.1688	0.2097	0
										
										
10										
Pop.a_____	0	0	0	0	0	0	0	0	0	0
Pop.b_____	0.2511	0	0	0	0	0	0	0	0	0
Pop.c_____	0.4952	0.4199	0	0	0	0	0	0	0	0
Pop.d_____	0.6036	0.5115	0.2454	0	0	0	0	0	0	0
Pop.e_____	0.6238	0.4809	0.4019	0.4608	0	0	0	0	0	0
Pop.f_____	0.3807	0.3628	0.394	0.4555	0.4434	0	0	0	0	0
Pop.g_____	0.515	0.5121	0.4562	0.4761	0.6251	0.354	0	0	0	0
Pop.h_____	0.4342	0.4012	0.3607	0.3898	0.4485	0.2351	0.2729	0	0	0
Pop.i_____	0.4376	0.3693	0.3477	0.3813	0.3963	0.1952	0.2656	0.1503	0	0
Pop.j_____	0.4798	0.474	0.3661	0.4028	0.48	0.3011	0.2769	0.1899	0.2171	0
										
										
10										
Pop.a_____	0	0	0	0	0	0	0	0	0	0
Pop.b_____	0.1994	0	0	0	0	0	0	0	0	0
Pop.c_____	0.5517	0.4708	0	0	0	0	0	0	0	0
Pop.d_____	0.602	0.5085	0.2115	0	0	0	0	0	0	0
Pop.e_____	0.6349	0.5311	0.3837	0.4081	0	0	0	0	0	0
Pop.f_____	0.4374	0.404	0.3633	0.4089	0.4188	0	0	0	0	0
Pop.g_____	0.5731	0.5303	0.4009	0.4377	0.5776	0.3202	0	0	0	0
Pop.h_____	0.398	0.3637	0.3643	0.3805	0.4427	0.2139	0.2895	0	0	0
Pop.i_____	0.4258	0.3554	0.3517	0.3488	0.3774	0.21	0.2913	0.1388	0	0
Pop.j_____	0.5331	0.5114	0.4196	0.4326	0.5161	0.3161	0.3692	0.2098	0.247	0
										
										
10										
Pop.a_____	0	0	0	0	0	0	0	0	0	0
Pop.b_____	0.2293	0	0	0	0	0	0	0	0	0
Pop.c_____	0.4387	0.3312	0	0	0	0	0	0	0	0
Pop.d_____	0.4922	0.3574	0.1811	0	0	0	0	0	0	0
Pop.e_____	0.6072	0.4876	0.3375	0.3513	0	0	0	0	0	0
Pop.f_____	0.4465	0.4222	0.4889	0.4791	0.5611	0	0	0	0	0
Pop.g_____	0.4895	0.4984	0.4999	0.5139	0.6366	0.3299	0	0	0	0
Pop.h_____	0.3886	0.3599	0.398	0.3862	0.4722	0.272	0.253	0	0	0
Pop.i_____	0.4231	0.3693	0.4095	0.388	0.4823	0.2576	0.2535	0.1357	0	0
Pop.j_____	0.4776	0.4633	0.4593	0.4235	0.5257	0.3624	0.3034	0.1777	0.2075	0
										
										
10										
Pop.a_____	0	0	0	0	0	0	0	0	0	0
Pop.b_____	0.2118	0	0	0	0	0	0	0	0	0
Pop.c_____	0.4878	0.3699	0	0	0	0	0	0	0	0
Pop.d_____	0.5568	0.4119	0.2075	0	0	0	0	0	0	0
Pop.e_____	0.6565	0.536	0.4009	0.4093	0	0	0	0	0	0
Pop.f_____	0.375	0.3567	0.3825	0.4254	0.4781	0	0	0	0	0
Pop.g_____	0.4289	0.4725	0.4879	0.5532	0.6632	0.2557	0	0	0	0
Pop.h_____	0.3729	0.3837	0.4356	0.4644	0.5343	0.2694	0.2853	0	0	0
Pop.i_____	0.352	0.3421	0.393	0.4275	0.5139	0.2107	0.2371	0.1858	0	0
Pop.j_____	0.4526	0.4769	0.4977	0.5158	0.5992	0.3357	0.3382	0.1944	0.2567	0
										
										
10										
Pop.a_____	0	0	0	0	0	0	0	0	0	0
Pop.b_____	0.2183	0	0	0	0	0	0	0	0	0
Pop.c_____	0.4864	0.4072	0	0	0	0	0	0	0	0
Pop.d_____	0.5474	0.4286	0.2249	0	0	0	0	0	0	0
Pop.e_____	0.6162	0.5	0.3292	0.3183	0	0	0	0	0	0
Pop.f_____	0.4198	0.3694	0.3865	0.4306	0.4752	0	0	0	0	0
Pop.g_____	0.482	0.4501	0.3751	0.4413	0.5703	0.3573	0	0	0	0
Pop.h_____	0.3942	0.3515	0.3732	0.3906	0.4417	0.3205	0.3455	0	0	0
Pop.i_____	0.3898	0.3186	0.3562	0.3623	0.4172	0.2763	0.3372	0.2157	0	0
Pop.j_____	0.4341	0.4046	0.3654	0.3839	0.471	0.3166	0.3296	0.2502	0.2086	0
										
										
10										
Pop.a_____	0	0	0	0	0	0	0	0	0	0
Pop.b_____	0.183	0	0	0	0	0	0	0	0	0
Pop.c_____	0.4026	0.3165	0	0	0	0	0	0	0	0
Pop.d_____	0.4757	0.3588	0.1891	0	0	0	0	0	0	0
Pop.e_____	0.5666	0.4422	0.3008	0.2601	0	0	0	0	0	0
Pop.f_____	0.4012	0.3391	0.4057	0.4489	0.4801	0	0	0	0	0
Pop.g_____	0.4308	0.4269	0.3887	0.4629	0.5915	0.3404	0	0	0	0
Pop.h_____	0.3336	0.3158	0.3703	0.4056	0.449	0.3044	0.3014	0	0	0
Pop.i_____	0.2756	0.2177	0.3504	0.3862	0.4418	0.2335	0.2696	0.1584	0	0
Pop.j_____	0.3842	0.3629	0.3453	0.3738	0.4577	0.3092	0.2711	0.2136	0.2198	0
